const uint8_t buzz1[] PROGMEM = {  // a siren?
32,127,8,159,32,127,8,159,32,127,8,159,32,127,8,159,32,127,8,159,32,127,8,159,0,1};

const uint8_t buzz2[] PROGMEM = {  // another siren?
8,127,32,142,8,127,32,142,8,127,32,142,8,127,32,142,8,127,32,142,8,127,32,142,8,127,0,1};

const uint8_t mary[] PROGMEM = {  // mary had a little lamb
32,127,32,142,32,159,32,142,28,127,8,1,28,127,8,1,60,127,0,1};

const uint8_t minstrel[] PROGMEM = {  //the minstrel boy
32, 253, 48, 190, 16, 150, 16, 142, 16, 150, 16, 169, 16, 190, 32, 150, 32, 127, 32, 95, 0, 1};

const uint8_t twinkle[] PROGMEM = {  // twinkle twinkle little star
28,239, 8,1, 28,239, 8,1, 28,159, 8,1, 28,159, 8,1, 28,142, 8,1, 28,142,60,159,0,1};

const uint8_t ode_to_joy[] PROGMEM = {  // ode to joy
28,190, 8,1, 28,190, 8,1, 28,179, 8,1, 28,159, 8,1, 28,159, 8,1, 28,179, 8,1, 28,190, 8,1, 28,213, 8,1, 28,239, 8,1, 28,239, 8,1, 28,213, 8,1, 28,190, 8,1, 28,190, 8,1, 28,213, 8,1, 60,213 ,0,1};

const uint8_t beethoven5[] PROGMEM = {  // Beethoven's fifth
14,190, 4,1, 14,190, 4,1, 14,190, 4,1, 72,239,  18,1, 14,213, 4,1, 14,213, 4,1, 14,213, 4,1, 72,253 ,0,1};

const uint8_t rockyou[] PROGMEM = {  // we will rock you
56,119, 8,1, 56,127, 8,1, 56,142, 8,1, 56,159, 4,1, 24,142, 4,1, 24,142, 4,1, 0,1};

const uint8_t fanfare[] PROGMEM = {  // fanfare
56,239, 4,1, 28,239, 4,1, 28,239, 4,1, 56, 190, 8,1, 56,239, 8,1, 56,159, 4,1, 28,159, 4,1, 28,159, 4,1, 56,127, 8,1, 56,159, 0,1};
